pose:
  theta: -1.0368386094033246
  x: -0.09937076713384069
  y: -0.09826237358292614
