pose:
  theta: -0.3320514539846758
  x: 1.4973998486382973
  y: -2.4189220025453646
