pose:
  theta: 1.16244755026025
  x: 0.6962766666336344
  y: -1.2803630241539035
