pose:
  theta: -0.6924015581388722
  x: 0.837810038763141
  y: -1.1964960181173596
