pose:
  theta: -0.49405867130959086
  x: 0.6902882074826465
  y: -1.5654563556132286
