pose:
  theta: -2.107100167765334
  x: 0.8458025014396351
  y: -1.358312046794543
