pose:
  theta: -1.1128112917316366
  x: 0.40508563493029903
  y: -1.4838504418087224
