pose:
  theta: -2.2835584333116183
  x: 1.1952361089365877
  y: -3.070920633521916
