pose:
  theta: -3.063191046886475
  x: 1.4136892154783696
  y: -2.249328656359258
