pose:
  theta: 3.093052969054766
  x: 1.4219214980701265
  y: -2.221835570170327
