pose:
  theta: 1.1854822967462333
  x: 0.7511201521827129
  y: -1.289063238035905
