pose:
  theta: 2.814279688629116
  x: 0.4480541546651701
  y: -1.4711606489699391
