pose:
  theta: -2.3898717526459095
  x: 1.4340781756793917
  y: -2.279706765142613
