pose:
  theta: -0.048061037620825926
  x: -0.3148667850718192
  y: -0.954796703981956
