pose:
  theta: 1.7181101144602624
  x: 0.9372592691469609
  y: -1.4142407797785255
