pose:
  theta: -2.2752531493507604
  x: 1.5393338861978605
  y: -2.368502656886643
