pose:
  theta: 1.6213257858553898
  x: 0.01672049282733442
  y: -2.795381985266482
