pose:
  theta: 1.1101683395767763
  x: 0.23829659366790032
  y: -3.2884548284891113
