pose:
  theta: 0.7522130421956132
  x: 0.21609262671736365
  y: -3.2662673436833405
