pose:
  theta: 0.2577464989295703
  x: 1.382473297092196
  y: -2.23495868808281
