pose:
  theta: -0.6635238651974856
  x: 0.7819369874406024
  y: -1.415168452027787
