pose:
  theta: -2.6526009458481155
  x: 1.439152047820425
  y: -2.240406495977687
