pose:
  theta: 0.8999324448180802
  x: 0.23510234836989516
  y: -3.284525400942745
