pose:
  theta: -2.234456903590802
  x: 1.4674170923580556
  y: -2.2362312292328874
