pose:
  theta: -1.3495584436521129
  x: 1.630330554355839
  y: -2.2929320423405617
