pose:
  theta: 1.8825406307193837
  x: 0.9043488414677776
  y: -1.6566903356840001
