pose:
  theta: -0.9145207983862664
  x: 0.9054490502191991
  y: -1.7850181798197886
