pose:
  theta: -0.8073271459591664
  x: 1.126997846078227
  y: -2.061846028645482
