pose:
  theta: -1.973821571544374
  x: 0.36567435607296805
  y: -1.5172089775298083
