pose:
  theta: -2.7120683822783413
  x: 1.0656735223466218
  y: -1.3247598311384488
