pose:
  theta: -2.75010642778887
  x: 0.6150666203107461
  y: -1.3404980817860486
