waypoints:
  - pose:
      x: -0.05340286979170484
      y: -1.2158543277757359
      theta: -1.1401
  - pose:
      x: 1.3553152355143336
      y: -2.0396683083554623
      theta: -2.0002
  - pose:
      x: -0.3051944232186273
      y: -2.479290737704841
      theta: 1.0321

